Sref = 7.545709 
Cref = 0.870723 
Bref = 8.666024 
X_cg = 3.566899 
Y_cg = 0.000001 
Z_cg = 0.288687 
Mach = 0.090000 
AoA = 10.000000 
Beta = 0.000000 
Vinf = 100.000000 
Rho = 0.002377 
ReCref = 10000000.000000 
ClMax = -1.000000 
MaxTurningAngle = -1.000000 
Symmetry = NO 
FarDist = -1.000000 
NumWakeNodes = 0 
WakeIters = 5 
NumberOfControlGroups = 0 
Preconditioner = Matrix 
Karman-Tsien Correction = N 
Stability Type = 0 
